   9.6815257e+02   1.8438383e+02   1.8438383e+02   1.7662243e+01   1.7662243e+01   1.7416190e-01  -1.7444190e+02  -4.8407629e+02   1.5743382e+02  -2.2755820e+02  -1.3301195e+01  -1.7444190e+01   4.8058605e+01   2.7630188e+02  -4.8407629e+02  -2.2755820e+02   1.5743382e+02  -1.7444190e+01  -1.3301195e+01   4.8058605e+01  -1.7444190e+02
   1.8438383e+02   7.7917384e+01   9.3349613e+00   6.3671295e+00  -9.4195595e-01   2.8723927e+00  -6.0193415e+01  -1.0815398e+02   3.3085815e+01  -5.0564417e+01  -2.4131130e+00  -2.9945860e+00   1.0966525e+01   4.4076729e+01  -7.6229852e+01  -2.4712603e+01   2.6098940e+01  -2.8201441e+00  -2.6223990e+00   4.8262260e+00   9.3035683e+00
   1.8438383e+02   9.3349613e+00   7.7917384e+01  -9.4195595e-01   6.3671295e+00   2.8723927e+00   9.3035683e+00  -7.6229852e+01   2.6098940e+01  -2.4712603e+01  -2.6223990e+00  -2.8201441e+00   4.8262260e+00   4.4076729e+01  -1.0815398e+02  -5.0564417e+01   3.3085815e+01  -2.9945860e+00  -2.4131130e+00   1.0966525e+01  -6.0193415e+01
   1.7662243e+01   6.3671295e+00  -9.4195595e-01   1.0466514e+00   1.6353929e-01  -4.9280071e-01  -9.0011276e+00  -1.0466514e+01   2.9655124e+00  -6.5982207e+00  -1.7444190e-01  -3.4888381e-01   1.4129748e+00   4.9339622e+00  -7.1957286e+00  -3.7505010e+00   2.2459395e+00  -3.4888381e-01  -2.0714976e-01   7.4137810e-01  -1.3955352e+00
   1.7662243e+01  -9.4195595e-01   6.3671295e+00   1.6353929e-01   1.0466514e+00  -4.9280071e-01  -1.3955352e+00  -7.1957286e+00   2.2459395e+00  -3.7505010e+00  -2.0714976e-01  -3.4888381e-01   7.4137810e-01   4.9339622e+00  -1.0466514e+01  -6.5982207e+00   2.9655124e+00  -3.4888381e-01  -1.7444190e-01   1.4129748e+00  -9.0011276e+00
   1.7416190e-01   2.8723927e+00   2.8723927e+00  -4.9280071e-01  -4.9280071e-01   1.5118298e+00   5.1169625e+00  -8.7080952e-02   4.1278984e-01   2.8492178e+00  -7.5586825e-02   1.4536825e-01  -5.8147302e-01  -1.3157232e+00  -8.7080952e-02   2.8492178e+00   4.1278984e-01   1.4536825e-01  -7.5586825e-02  -5.8147302e-01   5.1169625e+00
  -1.7444190e+02  -6.0193415e+01   9.3035683e+00  -9.0011276e+00  -1.3955352e+00   5.1169625e+00   1.1908567e+02   7.6754438e+01  -1.1909239e+01   7.3033011e+01   3.0244063e-01   5.3495517e+00  -1.4420531e+01  -4.2103144e+01   9.7687467e+01   4.3726771e+01  -3.1166954e+01   3.9540165e+00   3.0236597e+00  -8.8383898e+00   1.8607137e+01
  -4.8407629e+02  -1.0815398e+02  -7.6229852e+01  -1.0466514e+01  -7.1957286e+00  -8.7080952e-02   7.6754438e+01   3.2053700e+02  -1.1835820e+02   1.2620809e+02   1.0182976e+01   7.4792667e+00  -2.8215838e+01  -1.3815094e+02   1.6353929e+02   1.0135012e+02  -3.9075617e+01   9.9649238e+00   3.1182190e+00  -1.9842767e+01   9.7687467e+01
   1.5743382e+02   3.3085815e+01   2.6098940e+01   2.9655124e+00   2.2459395e+00   4.1278984e-01  -1.1909239e+01  -1.1835820e+02   5.1563279e+01  -3.7956811e+01  -4.5848879e+00  -1.6252742e+00   9.2569967e+00   4.5359084e+01  -3.9075617e+01  -2.9531561e+01   6.9505322e+00  -3.1690221e+00  -4.3760861e-01   5.4891496e+00  -3.1166954e+01
  -2.2755820e+02  -5.0564417e+01  -2.4712603e+01  -6.5982207e+00  -3.7505010e+00   2.8492178e+00   7.3033011e+01   1.2620809e+02  -3.7956811e+01   7.8933802e+01   3.0585212e+00   5.8162107e+00  -1.6103865e+01  -7.4962856e+01   1.0135012e+02   5.9046655e+01  -2.9531561e+01   5.5370266e+00   2.6529765e+00  -1.2056799e+01   4.3726771e+01
  -1.3301195e+01  -2.4131130e+00  -2.6223990e+00  -1.7444190e-01  -2.0714976e-01  -7.5586825e-02   3.0244063e-01   1.0182976e+01  -4.5848879e+00   3.0585212e+00   5.1205734e-01   2.0533266e-01  -7.6245183e-01  -3.9800100e+00   3.1182190e+00   2.6529765e+00  -4.3760861e-01   3.0345623e-01   2.7988056e-02  -4.8771516e-01   3.0236597e+00
  -1.7444190e+01  -2.9945860e+00  -2.8201441e+00  -3.4888381e-01  -3.4888381e-01   1.4536825e-01   5.3495517e+00   7.4792667e+00  -1.6252742e+00   5.8162107e+00   2.0533266e-01   7.1267020e-01  -1.1215184e+00  -6.2825257e+00   9.9649238e+00   5.5370266e+00  -3.1690221e+00   5.0987448e-01   3.0345623e-01  -1.1912882e+00   3.9540165e+00
   4.8058605e+01   1.0966525e+01   4.8262260e+00   1.4129748e+00   7.4137810e-01  -5.8147302e-01  -1.4420531e+01  -2.8215838e+01   9.2569967e+00  -1.6103865e+01  -7.6245183e-01  -1.1215184e+00   3.4961065e+00   1.5854359e+01  -1.9842767e+01  -1.2056799e+01   5.4891496e+00  -1.1912882e+00  -4.8771516e-01   2.4058446e+00  -8.8383898e+00
   2.7630188e+02   4.4076729e+01   4.4076729e+01   4.9339622e+00   4.9339622e+00  -1.3157232e+00  -4.2103144e+01  -1.3815094e+02   4.5359084e+01  -7.4962856e+01  -3.9800100e+00  -6.2825257e+00   1.5854359e+01   1.1536425e+02  -1.3815094e+02  -7.4962856e+01   4.5359084e+01  -6.2825257e+00  -3.9800100e+00   1.5854359e+01  -4.2103144e+01
  -4.8407629e+02  -7.6229852e+01  -1.0815398e+02  -7.1957286e+00  -1.0466514e+01  -8.7080952e-02   9.7687467e+01   1.6353929e+02  -3.9075617e+01   1.0135012e+02   3.1182190e+00   9.9649238e+00  -1.9842767e+01  -1.3815094e+02   3.2053700e+02   1.2620809e+02  -1.1835820e+02   7.4792667e+00   1.0182976e+01  -2.8215838e+01   7.6754438e+01
  -2.2755820e+02  -2.4712603e+01  -5.0564417e+01  -3.7505010e+00  -6.5982207e+00   2.8492178e+00   4.3726771e+01   1.0135012e+02  -2.9531561e+01   5.9046655e+01   2.6529765e+00   5.5370266e+00  -1.2056799e+01  -7.4962856e+01   1.2620809e+02   7.8933802e+01  -3.7956811e+01   5.8162107e+00   3.0585212e+00  -1.6103865e+01   7.3033011e+01
   1.5743382e+02   2.6098940e+01   3.3085815e+01   2.2459395e+00   2.9655124e+00   4.1278984e-01  -3.1166954e+01  -3.9075617e+01   6.9505322e+00  -2.9531561e+01  -4.3760861e-01  -3.1690221e+00   5.4891496e+00   4.5359084e+01  -1.1835820e+02  -3.7956811e+01   5.1563279e+01  -1.6252742e+00  -4.5848879e+00   9.2569967e+00  -1.1909239e+01
  -1.7444190e+01  -2.8201441e+00  -2.9945860e+00  -3.4888381e-01  -3.4888381e-01   1.4536825e-01   3.9540165e+00   9.9649238e+00  -3.1690221e+00   5.5370266e+00   3.0345623e-01   5.0987448e-01  -1.1912882e+00  -6.2825257e+00   7.4792667e+00   5.8162107e+00  -1.6252742e+00   7.1267020e-01   2.0533266e-01  -1.1215184e+00   5.3495517e+00
  -1.3301195e+01  -2.6223990e+00  -2.4131130e+00  -2.0714976e-01  -1.7444190e-01  -7.5586825e-02   3.0236597e+00   3.1182190e+00  -4.3760861e-01   2.6529765e+00   2.7988056e-02   3.0345623e-01  -4.8771516e-01  -3.9800100e+00   1.0182976e+01   3.0585212e+00  -4.5848879e+00   2.0533266e-01   5.1205734e-01  -7.6245183e-01   3.0244063e-01
   4.8058605e+01   4.8262260e+00   1.0966525e+01   7.4137810e-01   1.4129748e+00  -5.8147302e-01  -8.8383898e+00  -1.9842767e+01   5.4891496e+00  -1.2056799e+01  -4.8771516e-01  -1.1912882e+00   2.4058446e+00   1.5854359e+01  -2.8215838e+01  -1.6103865e+01   9.2569967e+00  -1.1215184e+00  -7.6245183e-01   3.4961065e+00  -1.4420531e+01
  -1.7444190e+02   9.3035683e+00  -6.0193415e+01  -1.3955352e+00  -9.0011276e+00   5.1169625e+00   1.8607137e+01   9.7687467e+01  -3.1166954e+01   4.3726771e+01   3.0236597e+00   3.9540165e+00  -8.8383898e+00  -4.2103144e+01   7.6754438e+01   7.3033011e+01  -1.1909239e+01   5.3495517e+00   3.0244063e-01  -1.4420531e+01   1.1908567e+02
